               [38;2;55;47;63m▄[0m[38;2;108;90;100m▄[0m[38;2;0;0;5m[48;2;151;119;126m▀[0m[38;2;37;29;50m[48;2;186;144;149m▀[0m[38;2;67;56;69m[48;2;210;158;159m▀[0m[38;2;90;76;87m[48;2;223;165;165m▀[0m[38;2;103;83;97m[48;2;230;169;168m▀[0m[38;2;100;82;94m[48;2;228;168;166m▀[0m[38;2;90;73;89m[48;2;223;166;167m▀[0m[38;2;65;55;72m[48;2;210;164;166m▀[0m[38;2;0;0;14m[48;2;169;140;143m▀[0m[38;2;92;76;86m▄[0m[38;2;53;44;58m▄[0m[38;2;8;8;25m▄[0m
           [38;2;18;12;24m▄[0m[38;2;119;99;110m▄[0m[38;2;62;49;63m[48;2;216;170;171m▀[0m[38;2;140;113;120m[48;2;240;173;170m▀[0m[38;2;211;162;164m[48;2;232;158;156m▀[0m[38;2;237;175;171m[48;2;223;152;150m▀[0m[38;2;239;168;166m[48;2;222;154;152m▀[0m[38;2;235;161;158m[48;2;222;153;150m▀[0m[38;2;230;158;154m[48;2;223;155;152m▀[0m[38;2;227;154;152m[48;2;222;154;151m▀[0m[38;2;224;153;150m[48;2;228;160;157m▀[0m[38;2;226;154;150m[48;2;224;155;154m▀[0m[38;2;232;159;155m[48;2;204;136;134m▀[0m[38;2;236;162;159m[48;2;195;127;126m▀[0m[38;2;235;166;163m[48;2;212;144;143m▀[0m[38;2;222;169;167m[48;2;223;152;150m▀[0m[38;2;205;159;161m[48;2;224;149;146m▀[0m[38;2;167;134;139m[48;2;237;168;164m▀[0m[38;2;106;89;99m[48;2;242;184;183m▀[0m[38;2;30;21;36m[48;2;184;151;154m▀[0m[38;2;84;70;82m▄[0m
         [38;2;50;36;52m▄[0m[38;2;42;32;48m[48;2;184;153;157m▀[0m[38;2;163;135;142m[48;2;246;179;175m▀[0m[38;2;243;183;178m[48;2;221;149;145m▀[0m[38;2;232;159;156m[48;2;221;154;150m▀[0m[38;2;221;151;150m[48;2;227;159;155m▀[0m[38;2;225;157;154m[48;2;214;145;142m▀[0m[38;2;223;156;154m[48;2;212;144;140m▀[0m[38;2;223;155;153m[48;2;224;156;154m▀[0m[38;2;223;155;151m[48;2;223;155;153m▀[0m[38;2;223;155;152m[48;2;224;156;153m▀[0m[38;2;227;159;156m[48;2;197;128;127m▀[0m[38;2;203;135;133m[48;2;194;124;124m▀[0m[38;2;180;108;110m[48;2;218;149;148m▀[0m[38;2;184;111;114m[48;2;227;159;157m▀[0m[38;2;185;113;116m[48;2;228;161;157m▀[0m[38;2;191;123;123m[48;2;225;157;154m▀[0m[38;2;224;158;156m[48;2;223;155;151m▀[0m[38;2;223;156;154m[48;2;223;155;153m▀[0m[38;2;206;135;134m[48;2;215;146;145m▀[0m[38;2;206;133;132m[48;2;196;125;125m▀[0m[38;2;243;174;170m[48;2;185;112;113m▀[0m[38;2;230;184;184m[48;2;233;160;156m▀[0m[38;2;109;94;103m[48;2;241;194;190m▀[0m[38;2;114;99;106m▄[0m
       [38;2;0;0;6m▄[0m[38;2;36;26;39m[48;2;139;116;122m▀[0m[38;2;178;146;153m[48;2;246;185;182m▀[0m[38;2;246;180;175m[48;2;218;148;146m▀[0m[38;2;218;148;143m[48;2;223;156;152m▀[0m[38;2;222;154;150m[48;2;226;158;155m▀[0m[38;2;226;158;155m[48;2;216;148;144m▀[0m[38;2;212;144;141m[48;2;198;131;128m▀[0m[38;2;203;135;133m[48;2;226;158;156m▀[0m[38;2;224;156;154m[48;2;223;155;152m▀[0m[38;2;224;156;153m[48;2;226;156;153m▀[0m[38;2;225;157;154m[48;2;207;139;137m▀[0m[38;2;203;133;132m[48;2;217;148;147m▀[0m[38;2;210;141;140m[48;2;228;159;156m▀[0m[38;2;228;160;158m[48;2;221;152;148m▀[0m[38;2;225;156;153m[48;2;223;154;151m▀[0m[38;2;222;154;151m[48;2;224;156;154m▀[0m[38;2;222;154;152m[48;2;224;156;154m▀[0m[38;2;223;155;151m[48;2;223;155;153m▀[0m[38;2;223;155;152m[48;2;223;154;151m▀[0m[38;2;225;157;155m[48;2;223;154;152m▀[0m[38;2;216;148;146m[48;2;226;156;153m▀[0m[38;2;219;150;149m[48;2;200;130;129m▀[0m[38;2;206;133;133m[48;2;226;158;155m▀[0m[38;2;187;116;116m[48;2;200;129;128m▀[0m[38;2;233;162;159m[48;2;199;126;126m▀[0m[38;2;240;198;194m[48;2;243;177;171m▀[0m[38;2;98;84;92m[48;2;216;186;184m▀[0m[38;2;63;54;63m▄[0m
      [38;2;31;26;43m▄[0m[38;2;88;73;84m[48;2;183;149;153m▀[0m[38;2;234;182;181m[48;2;239;167;164m▀[0m[38;2;225;152;150m[48;2;221;152;150m▀[0m[38;2;224;156;153m[48;2;222;155;151m▀[0m[38;2;224;156;153m[48;2;228;159;157m▀[0m[38;2;225;157;155m[48;2;200;132;130m▀[0m[38;2;195;127;125m[48;2;205;138;137m▀[0m[38;2;221;155;153m[48;2;227;159;157m▀[0m[38;2;223;155;153m[48;2;223;155;153m▀[0m[38;2;225;156;152m[48;2;222;153;150m▀[0m[38;2;214;144;141m[48;2;209;139;137m▀[0m[38;2;212;144;142m[48;2;226;157;154m▀[0m[38;2;227;159;156m[48;2;220;150;148m▀[0m[38;2;221;153;150m[48;2;222;153;151m▀[0m[38;2;223;155;152m[48;2;223;156;152m▀[0m[38;2;223;155;152m[48;2;224;155;154m▀[0m[38;2;223;155;153m[48;2;223;155;151m▀[0m[38;2;224;154;153m[48;2;223;155;153m▀[0m[38;2;223;154;151m[48;2;224;155;153m▀[0m[38;2;224;154;152m[48;2;223;153;150m▀[0m[38;2;223;155;152m[48;2;221;150;147m▀[0m[38;2;226;158;155m[48;2;223;155;153m▀[0m[38;2;212;143;141m[48;2;221;151;149m▀[0m[38;2;204;134;132m[48;2;194;124;123m▀[0m[38;2;230;161;158m[48;2;228;160;156m▀[0m[38;2;190;120;119m[48;2;208;138;135m▀[0m[38;2;213;143;140m[48;2;200;130;129m▀[0m[38;2;250;197;193m[48;2;250;207;201m▀[0m[38;2;164;142;145m[48;2;246;218;213m▀[0m[38;2;94;78;85m▄[0m
     [38;2;27;24;38m▄[0m[38;2;103;85;97m[48;2;176;139;142m▀[0m[38;2;237;178;176m[48;2;237;165;162m▀[0m[38;2;224;152;150m[48;2;220;152;150m▀[0m[38;2;223;155;153m[48;2;225;156;152m▀[0m[38;2;223;156;155m[48;2;229;158;154m▀[0m[38;2;218;151;149m[48;2;200;128;125m▀[0m[38;2;196;129;128m[48;2;189;124;120m▀[0m[38;2;233;162;158m[48;2;163;118;131m▀[0m[38;2;224;153;150m[48;2;215;151;152m▀[0m[38;2;227;158;156m[48;2;222;153;149m▀[0m[38;2;208;139;137m[48;2;202;132;131m▀[0m[38;2;218;148;147m[48;2;217;149;147m▀[0m[38;2;219;150;147m[48;2;215;148;146m▀[0m[38;2;220;151;149m[48;2;225;157;154m▀[0m[38;2;224;154;151m[48;2;223;154;150m▀[0m[38;2;223;154;151m[48;2;224;155;153m▀[0m[38;2;223;154;153m[48;2;221;153;151m▀[0m[38;2;224;154;152m[48;2;222;153;151m▀[0m[38;2;223;155;152m[48;2;223;155;151m▀[0m[38;2;223;154;150m[48;2;223;153;150m▀[0m[38;2;227;161;159m[48;2;225;161;159m▀[0m[38;2;236;189;184m[48;2;236;189;185m▀[0m[38;2;226;161;159m[48;2;225;162;159m▀[0m[38;2;230;168;166m[48;2;232;173;170m▀[0m[38;2;193;120;119m[48;2;193;121;119m▀[0m[38;2;227;168;164m[48;2;218;156;153m▀[0m[38;2;244;202;195m[48;2;255;231;223m▀[0m[38;2;197;128;126m[48;2;221;164;161m▀[0m[38;2;242;207;199m[48;2;223;164;160m▀[0m[38;2;255;239;231m[48;2;255;232;223m▀[0m[38;2;168;145;147m[48;2;234;207;202m▀[0m[38;2;71;53;67m▄[0m
     [38;2;84;67;79m[48;2;134;100;109m▀[0m[38;2;224;168;165m[48;2;236;167;164m▀[0m[38;2;226;156;154m[48;2;221;154;153m▀[0m[38;2;228;158;153m[48;2;220;150;144m▀[0m[38;2;205;146;148m[48;2;152;129;162m▀[0m[38;2;171;121;130m[48;2;159;172;227m▀[0m[38;2;171;141;164m[48;2;167;173;224m▀[0m[38;2;169;171;210m[48;2;185;191;242m▀[0m[38;2;122;121;160m[48;2;169;183;238m▀[0m[38;2;195;138;139m[48;2;179;133;144m▀[0m[38;2;212;140;138m[48;2;193;119;117m▀[0m[38;2;197;129;127m[48;2;197;129;130m▀[0m[38;2;215;148;145m[48;2;221;153;150m▀[0m[38;2;227;159;157m[48;2;207;138;137m▀[0m[38;2;221;153;151m[48;2;201;132;132m▀[0m[38;2;221;153;150m[48;2;217;149;147m▀[0m[38;2;223;155;153m[48;2;195;127;126m▀[0m[38;2;211;143;141m[48;2;191;124;123m▀[0m[38;2;224;156;153m[48;2;229;161;158m▀[0m[38;2;221;153;150m[48;2;202;134;132m▀[0m[38;2;217;148;146m[48;2;218;150;148m▀[0m[38;2;224;156;152m[48;2;224;156;153m▀[0m[38;2;221;151;148m[48;2;223;156;154m▀[0m[38;2;221;152;149m[48;2;221;153;150m▀[0m[38;2;228;158;154m[48;2;233;163;162m▀[0m[38;2;191;121;119m[48;2;172;101;99m▀[0m[38;2;199;125;126m[48;2;166;92;93m▀[0m[38;2;239;188;185m[48;2;231;159;158m▀[0m[38;2;233;175;172m[48;2;211;140;137m▀[0m[38;2;223;151;150m[48;2;191;125;117m▀[0m[38;2;227;163;160m[48;2;218;145;145m▀[0m[38;2;255;215;208m[48;2;247;195;191m▀[0m[38;2;137;118;123m[48;2;198;173;173m▀[0m[38;2;26;10;21m▄[0m
    [38;2;37;27;42m[48;2;99;65;74m▀[0m[38;2;189;134;137m[48;2;231;160;158m▀[0m[38;2;234;161;158m[48;2;217;148;146m▀[0m[38;2;215;148;147m[48;2;212;145;143m▀[0m[38;2;217;149;145m[48;2;232;162;159m▀[0m[38;2;141;127;168m[48;2;180;118;120m▀[0m[38;2;167;182;249m[48;2;129;123;173m▀[0m[38;2;172;173;221m[48;2;177;195;255m▀[0m[38;2;204;166;138m[48;2;175;191;250m▀[0m[38;2;161;156;191m[48;2;162;155;197m▀[0m[38;2;182;133;144m[48;2;190;124;123m▀[0m[38;2;172;100;100m[48;2;186;116;119m▀[0m[38;2;216;148;147m[48;2;219;150;148m▀[0m[38;2;213;146;144m[48;2;175;111;110m▀[0m[38;2;185;118;117m[48;2;227;158;156m▀[0m[38;2;228;160;157m[48;2;216;150;148m▀[0m[38;2;217;149;148m[48;2;166;101;101m▀[0m[38;2;171;104;103m[48;2;212;145;143m▀[0m[38;2;225;157;155m[48;2;217;148;145m▀[0m[38;2;203;136;133m[48;2;175;113;110m▀[0m[38;2;183;117;114m[48;2;213;146;144m▀[0m[38;2;228;160;158m[48;2;226;158;155m▀[0m[38;2;222;154;151m[48;2;223;155;152m▀[0m[38;2;223;155;150m[48;2;223;155;152m▀[0m[38;2;222;154;151m[48;2;226;159;156m▀[0m[38;2;226;157;154m[48;2;209;138;136m▀[0m[38;2;189;124;121m[48;2;196;147;142m▀[0m[38;2;160;89;88m[48;2;191;134;131m▀[0m[38;2;217;147;149m[48;2;179;106;96m▀[0m[38;2;192;118;106m[48;2;200;112;93m▀[0m[38;2;191;113;90m[48;2;237;127;115m▀[0m[38;2;185;121;110m[48;2;224;136;123m▀[0m[38;2;212;147;139m[48;2;201;119;99m▀[0m[38;2;194;164;165m[48;2;126;81;82m▀[0m[38;2;101;80;93m[48;2;106;88;98m▀[0m
   [38;2;40;28;40m[48;2;124;85;92m▀[0m[38;2;181;122;126m[48;2;160;106;110m▀[0m[38;2;227;153;152m[48;2;207;137;140m▀[0m[38;2;204;136;137m[48;2;202;132;133m▀[0m[38;2;221;153;151m[48;2;234;166;163m▀[0m[38;2;215;147;146m[48;2;187;114;116m▀[0m[38;2;182;109;112m[48;2;142;64;74m▀[0m[38;2;152;84;95m[48;2;155;77;85m▀[0m[38;2;141;104;129m[48;2;180;105;105m▀[0m[38;2;163;134;159m[48;2;231;157;151m▀[0m[38;2;200;140;146m[48;2;238;165;161m▀[0m[38;2;185;118;115m[48;2;140;83;86m▀[0m[38;2;162;99;101m[48;2;55;20;27m▀[0m[38;2;173;109;109m[48;2;77;39;45m▀[0m[38;2;187;123;120m[48;2;62;35;47m▀[0m[38;2;163;100;98m[48;2;58;30;44m▀[0m[38;2;179;114;114m[48;2;101;55;58m▀[0m[38;2;210;139;139m[48;2;145;95;94m▀[0m[38;2;208;142;139m[48;2;198;157;153m▀[0m[38;2;191;143;137m[48;2;209;159;155m▀[0m[38;2;203;140;137m[48;2;223;154;151m▀[0m[38;2;226;157;155m[48;2;223;154;150m▀[0m[38;2;222;155;151m[48;2;222;154;151m▀[0m[38;2;223;155;152m[48;2;228;160;158m▀[0m[38;2;223;155;152m[48;2;206;140;138m▀[0m[38;2;220;152;150m[48;2;208;136;135m▀[0m[38;2;202;134;132m[48;2;202;151;147m▀[0m[38;2;224;201;192m[48;2;253;242;230m▀[0m[38;2;207;167;159m[48;2;244;223;214m▀[0m[38;2;175;92;70m[48;2;171;86;80m▀[0m[38;2;221;121;104m[48;2;189;101;79m▀[0m[38;2;250;132;124m[48;2;224;120;103m▀[0m[38;2;248;129;120m[48;2;201;101;83m▀[0m[38;2;198;110;93m[48;2;202;121;101m▀[0m[38;2;146;104;105m[48;2;181;149;147m▀[0m[38;2;79;61;74m[48;2;57;41;54m▀[0m[38;2;96;72;81m[48;2;77;53;65m▀[0m
  [38;2;94;67;76m[48;2;108;72;82m▀[0m[38;2;119;80;87m[48;2;51;37;47m▀[0m[38;2;95;62;71m[48;2;131;82;91m▀[0m[38;2;208;136;137m[48;2;210;136;137m▀[0m[38;2;216;147;147m[48;2;221;151;150m▀[0m[38;2;209;140;137m[48;2;177;127;122m▀[0m[38;2;165;113;110m[48;2;234;217;204m▀[0m[38;2;190;160;156m[48;2;228;202;191m▀[0m[38;2;152;99;98m[48;2;230;212;199m▀[0m[38;2;174;105;107m[48;2;196;140;136m▀[0m[38;2;219;153;151m[48;2;223;152;151m▀[0m[38;2;175;106;105m[48;2;184;114;114m▀[0m[38;2;84;38;43m[48;2;133;91;89m▀[0m[38;2;85;61;69m[48;2;133;123;154m▀[0m[38;2;53;46;90m[48;2;108;95;169m▀[0m[38;2;97;93;146m[48;2;199;138;154m▀[0m[38;2;150;140;178m[48;2;183;130;155m▀[0m[38;2;62;53;96m[48;2;80;79;149m▀[0m[38;2;117;71;70m[48;2;178;154;164m▀[0m[38;2;180;118;118m[48;2;196;142;132m▀[0m[38;2;208;137;136m[48;2;161;117;116m▀[0m[38;2;213;145;143m[48;2;185;119;122m▀[0m[38;2;221;151;149m[48;2;200;135;135m▀[0m[38;2;222;151;149m[48;2;196;146;143m▀[0m[38;2;202;137;135m[48;2;177;124;123m▀[0m[38;2;180;114;113m[48;2;190;135;135m▀[0m[38;2;199;136;134m[48;2;237;213;206m▀[0m[38;2;232;213;203m[48;2;255;237;226m▀[0m[38;2;251;236;225m[48;2;255;234;224m▀[0m[38;2;249;235;225m[48;2;255;249;237m▀[0m[38;2;186;133;129m[48;2;207;165;156m▀[0m[38;2;186;111;90m[48;2;196;123;121m▀[0m[38;2;191;116;100m[48;2;195;123;117m▀[0m[38;2;192;122;116m[48;2;202;133;120m▀[0m[38;2;199;124;114m[48;2;204;134;118m▀[0m[38;2;166;124;122m[48;2;149;98;94m▀[0m[38;2;38;30;43m[48;2;38;29;46m▀[0m[38;2;60;41;51m[48;2;57;39;52m▀[0m
 [38;2;75;49;60m[48;2;67;38;52m▀[0m[38;2;85;56;67m[48;2;56;38;53m▀[0m[38;2;26;19;32m[48;2;64;35;49m▀[0m[38;2;156;95;103m[48;2;204;140;148m▀[0m[38;2;234;164;165m[48;2;230;168;170m▀[0m[38;2;198;129;128m[48;2;187;118;120m▀[0m[38;2;207;176;168m[48;2;213;182;174m▀[0m[38;2;219;169;156m[48;2;237;195;182m▀[0m[38;2;206;141;129m[48;2;224;168;154m▀[0m[38;2;205;153;143m[48;2;209;152;138m▀[0m[38;2;203;142;139m[48;2;199;133;130m▀[0m[38;2;209;140;138m[48;2;199;130;129m▀[0m[38;2;210;138;136m[48;2;206;136;136m▀[0m[38;2;188;149;142m[48;2;215;168;158m▀[0m[38;2;167;156;209m[48;2;193;175;209m▀[0m[38;2;172;143;225m[48;2;186;157;222m▀[0m[38;2;226;156;171m[48;2;228;191;235m▀[0m[38;2;211;157;196m[48;2;192;164;232m▀[0m[38;2;137;117;194m[48;2;155;138;199m▀[0m[38;2;191;189;205m[48;2;239;233;232m▀[0m[38;2;255;244;231m[48;2;251;236;226m▀[0m[38;2;249;232;222m[48;2;248;232;221m▀[0m[38;2;238;218;208m[48;2;252;237;226m▀[0m[38;2;204;177;170m[48;2;255;240;228m▀[0m[38;2;189;154;150m[48;2;250;234;224m▀[0m[38;2;210;177;172m[48;2;255;255;238m▀[0m[38;2;252;234;220m[48;2;165;143;151m▀[0m[38;2;202;164;155m[48;2;122;94;126m▀[0m[38;2;116;80;79m[48;2;115;101;137m▀[0m[38;2;98;72;71m[48;2;61;42;67m▀[0m[38;2;129;109;108m[48;2;43;16;17m▀[0m[38;2;215;185;179m[48;2;94;64;64m▀[0m[38;2;177;104;87m[48;2;174;105;103m▀[0m[38;2;190;116;102m[48;2;209;137;140m▀[0m[38;2;195;123;115m[48;2;218;152;153m▀[0m[38;2;225;151;146m[48;2;236;165;161m▀[0m[38;2;166;117;120m[48;2;170;119;120m▀[0m[38;2;25;19;35m[48;2;32;22;36m▀[0m[38;2;54;34;47m[48;2;55;35;47m▀[0m
 [38;2;103;59;73m[48;2;118;68;79m▀[0m[38;2;45;26;39m[48;2;117;70;83m▀[0m[38;2;128;92;101m[48;2;208;168;180m▀[0m[38;2;236;180;186m[48;2;218;163;172m▀[0m[38;2;209;150;155m[48;2;207;151;159m▀[0m[38;2;190;121;126m[48;2;215;153;160m▀[0m[38;2;188;149;145m[48;2;161;101;103m▀[0m[38;2;255;247;236m[48;2;226;207;198m▀[0m[38;2;217;158;146m[48;2;255;234;221m▀[0m[38;2;210;158;146m[48;2;224;186;174m▀[0m[38;2;212;154;150m[48;2;207;149;145m▀[0m[38;2;193;122;122m[48;2;207;137;137m▀[0m[38;2;196;128;127m[48;2;164;95;98m▀[0m[38;2;213;158;152m[48;2;200;140;136m▀[0m[38;2;250;212;203m[48;2;246;200;190m▀[0m[38;2;238;196;198m[48;2;255;211;199m▀[0m[38;2;248;198;202m[48;2;252;206;193m▀[0m[38;2;222;184;203m[48;2;255;210;194m▀[0m[38;2;222;211;216m[48;2;255;228;215m▀[0m[38;2;253;240;227m[48;2;247;232;223m▀[0m[38;2;248;231;221m[48;2;249;233;222m▀[0m[38;2;249;233;223m[48;2;249;233;222m▀[0m[38;2;248;232;221m[48;2;250;233;225m▀[0m[38;2;247;230;220m[48;2;247;231;222m▀[0m[38;2;252;237;224m[48;2;255;242;225m▀[0m[38;2;223;207;207m[48;2;183;170;200m▀[0m[38;2;114;94;152m[48;2;181;144;207m▀[0m[38;2;205;147;161m[48;2;240;161;165m▀[0m[38;2;117;97;149m[48;2;157;126;190m▀[0m[38;2;112;105;156m[48;2;115;110;159m▀[0m[38;2;136;109;107m[48;2;216;198;193m▀[0m[38;2;74;26;24m[48;2;91;24;22m▀[0m[38;2;164;94;94m[48;2;142;74;73m▀[0m[38;2;212;143;142m[48;2;223;156;155m▀[0m[38;2;209;141;139m[48;2;205;136;133m▀[0m[38;2;231;162;159m[48;2;229;167;165m▀[0m[38;2;168;117;120m[48;2;106;74;84m▀[0m[38;2;45;25;40m[48;2;59;35;46m▀[0m[38;2;59;42;51m▀[0m
 [38;2;72;41;56m[48;2;108;86;104m▀[0m[38;2;208;154;170m[48;2;238;199;221m▀[0m[38;2;231;189;207m[48;2;127;95;113m▀[0m[38;2;187;132;145m[48;2;176;134;150m▀[0m[38;2;224;174;183m[48;2;231;185;201m▀[0m[38;2;214;158;165m[48;2;212;164;175m▀[0m[38;2;192;126;134m[48;2;198;142;155m▀[0m[38;2;146;85;89m[48;2;172;99;113m▀[0m[38;2;174;142;142m[48;2;133;72;88m▀[0m[38;2;170;138;145m[48;2;106;60;80m▀[0m[38;2;198;143;139m[48;2;183;117;118m▀[0m[38;2;225;157;160m[48;2;229;168;170m▀[0m[38;2;152;89;93m[48;2;196;139;139m▀[0m[38;2;183;121;118m[48;2;237;192;183m▀[0m[38;2;197;140;136m[48;2;206;155;148m▀[0m[38;2;239;194;185m[48;2;211;163;155m▀[0m[38;2;250;205;195m[48;2;253;211;201m▀[0m[38;2;250;201;191m[48;2;255;212;201m▀[0m[38;2;252;223;215m[48;2;243;212;201m▀[0m[38;2;253;243;231m[48;2;229;199;189m▀[0m[38;2;249;233;222m[48;2;248;231;220m▀[0m[38;2;249;233;222m[48;2;252;236;225m▀[0m[38;2;249;233;223m[48;2;251;235;224m▀[0m[38;2;248;231;222m[48;2;246;227;217m▀[0m[38;2;253;238;223m[48;2;248;234;223m▀[0m[38;2;214;197;212m[48;2;252;231;220m▀[0m[38;2;222;184;228m[48;2;249;201;195m▀[0m[38;2;213;181;236m[48;2;217;178;207m▀[0m[38;2;150;126;208m[48;2;177;164;200m▀[0m[38;2;186;183;209m[48;2;250;247;246m▀[0m[38;2;230;215;208m[48;2;195;158;152m▀[0m[38;2;101;25;23m[48;2;123;45;53m▀[0m[38;2;147;78;78m[48;2;204;136;138m▀[0m[38;2;217;149;147m[48;2;200;132;130m▀[0m[38;2;205;136;135m[48;2;211;142;142m▀[0m[38;2;222;160;159m[48;2;226;163;163m▀[0m[38;2;79;59;69m[48;2;111;85;95m▀[0m[38;2;52;34;45m[48;2;36;22;36m▀[0m
[38;2;33;26;37m[48;2;94;79;98m▀[0m[38;2;191;164;188m[48;2;232;206;236m▀[0m[38;2;191;160;185m[48;2;102;84;102m▀[0m[38;2;53;31;46m[48;2;91;69;87m▀[0m[38;2;214;180;198m[48;2;232;200;226m▀[0m[38;2;221;181;198m[48;2;219;185;207m▀[0m[38;2;217;176;193m[48;2;218;182;201m▀[0m[38;2;207;158;174m[48;2;216;175;193m▀[0m[38;2;162;104;121m[48;2;97;70;101m▀[0m[38;2;119;90;133m[48;2;75;52;89m▀[0m[38;2;106;86;140m[48;2;80;55;90m▀[0m[38;2;159;108;119m[48;2;70;50;86m▀[0m[38;2;232;173;178m[48;2;209;164;177m▀[0m[38;2;198;146;146m[48;2;158;102;105m▀[0m[38;2;255;221;208m[48;2;179;144;134m▀[0m[38;2;255;216;205m[48;2;255;242;231m▀[0m[38;2;255;214;203m[48;2;249;221;210m▀[0m[38;2;252;208;197m[48;2;248;228;216m▀[0m[38;2;253;230;219m[48;2;249;234;222m▀[0m[38;2;231;199;190m[48;2;252;237;226m▀[0m[38;2;204;161;160m[48;2;236;214;205m▀[0m[38;2;238;227;225m[48;2;240;229;228m▀[0m[38;2;233;210;203m[48;2;246;242;243m▀[0m[38;2;245;225;214m[48;2;218;189;189m▀[0m[38;2;252;237;226m[48;2;211;164;158m▀[0m[38;2;248;234;223m[48;2;253;242;230m▀[0m[38;2;251;218;208m[48;2;251;212;200m▀[0m[38;2;255;208;195m[48;2;251;201;192m▀[0m[38;2;250;207;194m[48;2;251;202;194m▀[0m[38;2;253;213;200m[48;2;248;199;188m▀[0m[38;2;255;221;209m[48;2;250;211;200m▀[0m[38;2;188;142;137m[48;2;157;95;95m▀[0m[38;2;160;88;95m[48;2;162;90;96m▀[0m[38;2;199;129;127m[48;2;168;99;111m▀[0m[38;2;184;116;120m[48;2;189;129;140m▀[0m[38;2;216;153;157m[48;2;210;160;166m▀[0m[38;2;231;168;171m[48;2;228;168;174m▀[0m[38;2;140;107;115m[48;2;149;116;121m▀[0m[38;2;33;21;36m[48;2;45;27;44m▀[0m[38;2;60;43;56m[48;2;79;53;71m▀[0m
[38;2;123;105;126m[48;2;107;91;112m▀[0m[38;2;207;181;211m[48;2;187;157;187m▀[0m[38;2;27;10;20m[48;2;31;12;24m▀[0m[38;2;111;91;109m[48;2;105;92;109m▀[0m[38;2;232;202;233m[48;2;224;199;229m▀[0m[38;2;221;193;218m[48;2;224;198;227m▀[0m[38;2;221;187;211m[48;2;228;204;231m▀[0m[38;2;196;163;185m[48;2;191;160;187m▀[0m[38;2;81;64;105m[48;2;88;64;96m▀[0m[38;2;88;66;107m[48;2;108;79;111m▀[0m[38;2;96;71;111m[48;2;116;87;120m▀[0m[38;2;68;50;95m[48;2;78;56;95m▀[0m[38;2;166;134;156m[48;2;153;120;144m▀[0m[38;2;186;133;144m[48;2;187;143;161m▀[0m[38;2;116;62;78m[48;2;178;133;169m▀[0m[38;2;182;150;146m[48;2;137;85;110m▀[0m[38;2;253;245;233m[48;2;154;109;103m▀[0m[38;2;253;239;228m[48;2;232;215;206m▀[0m[38;2;248;231;220m[48;2;251;238;228m▀[0m[38;2;249;232;221m[48;2;250;235;224m▀[0m[38;2;250;234;223m[48;2;250;233;222m▀[0m[38;2;247;228;217m[48;2;247;231;221m▀[0m[38;2;249;236;228m[48;2;247;229;218m▀[0m[38;2;237;213;207m[48;2;249;234;223m▀[0m[38;2;241;217;207m[48;2;249;234;224m▀[0m[38;2;250;237;225m[48;2;246;231;220m▀[0m[38;2;251;220;210m[48;2;250;231;222m▀[0m[38;2;253;207;197m[48;2;255;224;213m▀[0m[38;2;250;205;195m[48;2;255;225;212m▀[0m[38;2;255;215;204m[48;2;242;202;188m▀[0m[38;2;244;201;188m[48;2;173;119;120m▀[0m[38;2;151;86;91m[48;2;171;116;136m▀[0m[38;2;152;84;93m[48;2;162;97;99m▀[0m[38;2;157;93;99m[48;2;255;157;141m▀[0m[38;2;169;101;102m[48;2;255;153;137m▀[0m[38;2;170;113;120m[48;2;183;120;125m▀[0m[38;2;184;138;152m[48;2;136;107;128m▀[0m[38;2;179;141;155m[48;2;183;150;172m▀[0m[38;2;95;67;89m[48;2;135;105;129m▀[0m[38;2;60;43;56m▀[0m
[38;2;45;32;49m▀[0m[38;2;154;126;153m[48;2;71;55;71m▀[0m[38;2;146;118;144m[48;2;174;143;176m▀[0m[38;2;28;16;28m[48;2;143;115;143m▀[0m[38;2;187;163;193m[48;2;137;110;140m▀[0m[38;2;218;193;225m[48;2;203;171;207m▀[0m[38;2;226;204;234m[48;2;213;186;218m▀[0m[38;2;199;180;211m[48;2;211;192;223m▀[0m[38;2;86;70;122m[48;2;130;114;163m▀[0m[38;2;106;89;147m[48;2;102;85;144m▀[0m[38;2;105;89;143m[48;2;116;102;161m▀[0m[38;2;85;73;132m[48;2;103;85;142m▀[0m[38;2;145;119;154m[48;2;175;152;188m▀[0m[38;2;185;141;160m[48;2;187;149;171m▀[0m[38;2;167;123;158m[48;2;130;102;126m▀[0m[38;2;142;97;119m[48;2;133;81;85m▀[0m[38;2;189;124;114m[48;2;234;173;160m▀[0m[38;2;202;144;134m[48;2;230;168;157m▀[0m[38;2;230;191;180m[48;2;225;160;149m▀[0m[38;2;245;223;212m[48;2;223;163;149m▀[0m[38;2;245;229;219m[48;2;193;141;133m▀[0m[38;2;255;246;235m[48;2;169;129;122m▀[0m[38;2;255;246;234m[48;2;183;152;148m▀[0m[38;2;255;245;233m[48;2;192;160;157m▀[0m[38;2;255;245;234m[48;2;187;154;154m▀[0m[38;2;255;243;230m[48;2;180;146;149m▀[0m[38;2;250;237;223m[48;2;167;130;138m▀[0m[38;2;232;216;202m[48;2;158;114;132m▀[0m[38;2;194;158;153m[48;2;172;127;157m▀[0m[38;2;158;109;119m[48;2;194;156;189m▀[0m[38;2;185;135;163m[48;2;196;156;190m▀[0m[38;2;161;117;138m[48;2;164;126;152m▀[0m[38;2;200;113;104m[48;2;170;119;129m▀[0m[38;2;255;164;152m[48;2;223;132;125m▀[0m[38;2;255;160;146m[48;2;217;127;117m▀[0m[38;2;211;124;115m[48;2;179;135;152m▀[0m[38;2;80;54;70m[48;2;94;71;88m▀[0m[38;2;148;125;149m[48;2;122;101;125m▀[0m[38;2;145;126;146m[48;2;155;137;159m▀[0m
  [38;2;51;36;51m▀[0m[38;2;111;92;113m▀[0m[38;2;73;54;74m▀[0m[38;2;127;102;131m[48;2;35;25;39m▀[0m[38;2;196;167;199m[48;2;72;52;70m▀[0m[38;2;222;198;232m[48;2;155;136;161m▀[0m[38;2;216;192;222m[48;2;225;203;237m▀[0m[38;2;170;137;166m[48;2;225;200;235m▀[0m[38;2;161;123;155m[48;2;201;173;208m▀[0m[38;2;167;134;164m[48;2;170;143;177m▀[0m[38;2;202;179;209m[48;2;184;155;190m▀[0m[38;2;209;180;210m[48;2;238;216;249m▀[0m[38;2;154;133;159m[48;2;194;166;198m▀[0m[38;2;163;133;145m[48;2;155;149;177m▀[0m[38;2;223;159;147m[48;2;155;122;129m▀[0m[38;2;232;170;157m[48;2;190;133;131m▀[0m[38;2;224;165;154m[48;2;219;157;149m▀[0m[38;2;227;167;155m[48;2;228;168;157m▀[0m[38;2;230;166;152m[48;2;224;163;149m▀[0m[38;2;137;79;86m[48;2;140;100;110m▀[0m[38;2;163;122;162m[48;2;152;125;156m▀[0m[38;2;167;127;164m[48;2;178;141;178m▀[0m[38;2;169;131;167m[48;2;202;172;212m▀[0m[38;2;178;144;181m[48;2;182;151;187m▀[0m[38;2;187;153;190m[48;2;167;136;170m▀[0m[38;2;193;158;194m[48;2;192;158;196m▀[0m[38;2;190;157;191m[48;2;185;151;188m▀[0m[38;2;185;150;184m[48;2;194;160;197m▀[0m[38;2;186;150;184m[48;2;190;160;195m▀[0m[38;2;213;186;219m[48;2;164;133;166m▀[0m[38;2;188;166;205m[48;2;193;157;193m▀[0m[38;2;157;110;127m[48;2;213;191;225m▀[0m[38;2;162;119;133m[48;2;219;197;231m▀[0m[38;2;222;209;246m[48;2;158;134;163m▀[0m[38;2;56;44;60m[48;2;100;78;106m▀[0m[38;2;142;116;142m[48;2;191;160;195m▀[0m[38;2;145;125;149m[48;2;90;73;92m▀[0m
       [38;2;25;11;22m▀[0m[38;2;103;89;109m▀[0m[38;2;128;110;131m▀[0m[38;2;95;79;100m▀[0m[38;2;73;54;78m▀[0m[38;2;122;96;125m▀[0m[38;2;145;123;151m[48;2;19;7;19m▀[0m[38;2;230;205;241m[48;2;89;72;96m▀[0m[38;2;201;174;205m[48;2;136;114;141m▀[0m[38;2;182;159;189m[48;2;113;86;113m▀[0m[38;2;130;101;124m[48;2;75;65;86m▀[0m[38;2;181;128;122m[48;2;88;54;63m▀[0m[38;2;241;176;163m[48;2;179;136;132m▀[0m[38;2;230;164;151m[48;2;249;205;196m▀[0m[38;2;179;125;121m[48;2;250;203;188m▀[0m[38;2;143;122;138m[48;2;192;149;149m▀[0m[38;2;151;129;155m[48;2;175;169;198m▀[0m[38;2;179;147;181m[48;2;146;128;152m▀[0m[38;2;113;89;115m[48;2;106;79;101m▀[0m[38;2;136;105;138m[48;2;160;128;164m▀[0m[38;2;199;164;205m[48;2;179;146;183m▀[0m[38;2;197;168;208m[48;2;164;136;170m▀[0m[38;2;205;173;213m[48;2;88;66;90m▀[0m[38;2;94;73;100m[48;2;71;50;70m▀[0m[38;2;128;97;129m[48;2;189;158;196m▀[0m[38;2;214;188;224m[48;2;233;211;245m▀[0m[38;2;217;194;226m[48;2;211;178;215m▀[0m[38;2;200;168;206m[48;2;120;94;124m▀[0m[38;2;188;157;194m[48;2;98;78;102m▀[0m[38;2;184;152;189m[48;2;67;48;69m▀[0m[38;2;102;80;105m▀[0m
                    [38;2;158;141;144m▀[0m[38;2;216;207;202m[48;2;57;20;31m▀[0m[38;2;159;140;143m▀[0m[38;2;160;151;179m▀[0m[38;2;102;85;107m▀[0m[38;2;129;105;133m▀[0m[38;2;126;104;133m▀[0m[38;2;92;72;96m▀[0m[38;2;133;112;136m[48;2;55;45;59m▀[0m[38;2;135;110;139m[48;2;81;65;85m▀[0m[38;2;195;164;202m[48;2;110;89;111m▀[0m[38;2;225;204;238m[48;2;98;81;102m▀[0m[38;2;156;135;163m[48;2;0;0;0m▀[0m[38;2;89;63;89m▀[0m[38;2;26;15;26m▀[0m
